13,0
12,8
12,7
12,6
12,5
12,4
12,3
12,2
12,1
12,0
11,5
11,4
11,3
11,2
11,1
11,0
10,4
10,3
10,2
10,1
10,0
9,5
9,4
9,3
9,2
9,1
9,0
8,5
8,4
8,3
8,2
8,1
8,0
7,5
7,4
7,3
7,2
7,1
7,0
6,5
6,4
6,3
6,2
6,1
6,0
5,6
5,5
5,4
5,3
5,2
5,1
5,0
4,3
4,2
4,1
4,0
3,6
3,5
3,4
3,3
3,2
3,1
3,0
2,7
2,6
2,5
2,2
1,2
0,425
0,412
0,409
0,408
0,378
0,376
0,375
0,372
0,369
0,365
0,364
0,353
0,352
0,351
0,322
0,319
0,318
0,316
0,313
0,243
19,9
19,5
19,10
19,1
19,3
19,0
22,1
22,3
22,0
15,20
20,4
20,1
20,3
20,0
1,1
1,3
15,1
1,0
15,17
15,3
15,0
2,1
2,4
2,3
2,0
0,9
0,442
0,310
0,305
0,308
0,304
0,303
0,302
0,307
0,12
0,10
0,8
0,0
0,446
0,300
0,340
0,299
0,444
0,298
0,311
0,297
0,360
0,296
0,358
0,295
0,371
0,294
0,335
0,293
0,338
0,292
0,291
0,407
0,290
0,345
0,289
0,306
0,288
0,333
0,287
0,334
0,286
0,429
0,285
0,405
0,284
0,363
0,283
0,416
0,282
0,377
0,281
0,330
0,280
0,279
0,329
0,278
0,414
0,277
0,439
13,1
13,2
13,4
14,0
14,2
14,3
14,5
14,7
14,8
14,10
14,11
14,13
14,15
14,16
14,18
14,19
14,21
14,22
14,24
14,26
14,27
14,29
14,30
14,32
14,34
14,35
14,37
14,64
14,66
14,67
14,69
14,71
14,72
14,74
14,75
14,77
14,79
14,80
14,82
14,83
14,85
14,86
14,88
14,90
14,91
14,93
14,94
14,96
14,98
14,99
14,101
14,102
14,104
14,106
14,107
14,109
14,110
14,112
14,113
14,115
14,117
14,118
14,120
14,121
14,123
14,125
14,126
14,128
14,129
14,131
14,132
14,134
14,136
14,137
14,139
14,140
14,142
14,144
14,145
14,147
14,148
14,150
14,151
14,153
14,155
14,156
14,158
14,159
14,161
14,163
14,164
14,166
14,167
14,169
14,171
14,172
14,174
14,175
14,177
14,178
14,180
14,182
14,183
14,185
14,186
14,188
14,190
14,191
14,193
14,194
14,196
14,197
14,199
14,201
14,202
14,204
14,205
14,207
14,209
14,210
14,212
14,213
14,215
14,216
14,218
14,220
14,221
14,223
14,224
14,226
14,228
14,229
14,231
14,232
14,234
14,235
14,237
14,239
14,240
14,242
14,243
14,245
14,247
14,248
14,250
14,251
14,253
14,255
15,2
15,5
15,6
15,8
15,9
15,11
15,13
15,14
15,16
15,18
16,0
16,2
16,3
16,5
16,6
16,8
16,9
16,11
16,13
16,14
16,16
16,17
17,1
17,3
18,0
18,2
18,3
19,2
19,4
19,7
20,2
21,0
21,2
21,3
22,2
22,5
23,0
23,2
23,3
24,1
24,3
24,4
24,6
24,7
24,9
24,10
24,12
25,1
25,2
25,4
25,5
26,0
26,2
26,3
28,0
28,1
28,3
29,0
29,2
29,4
29,5
29,7
30,0
30,2
30,4
32,0
32,2
32,3
32,5
32,6
32,8
32,10
32,11
34,1
34,2
34,4
34,6
34,7
34,9
34,10
34,12
34,11
34,8
34,5
34,3
34,0
32,9
32,7
32,4
32,1
30,3
30,1
29,6
29,3
29,1
28,2
26,4
26,1
25,6
25,3
25,0
24,11
24,8
24,5
24,2
24,0
23,1
22,4
21,4
21,1
19,8
19,6
18,4
18,1
17,2
17,0
16,15
16,12
16,10
16,7
16,4
16,1
15,19
15,15
15,12
15,10
15,7
15,4
14,254
14,252
14,249
14,246
14,244
14,241
14,238
14,236
14,233
14,230
14,227
14,225
14,222
14,219
14,217
14,214
14,211
14,208
14,206
14,203
14,200
14,198
14,195
14,192
14,189
14,187
14,184
14,181
14,179
14,176
14,173
14,170
14,168
14,165
14,162
14,160
14,157
14,154
14,152
14,149
14,146
14,143
14,141
14,138
14,135
14,133
14,130
14,127
14,124
14,122
14,119
14,116
14,114
14,111
14,108
14,105
14,103
14,100
14,97
14,95
14,92
14,89
14,87
14,84
14,81
14,78
14,76
14,73
14,70
14,68
14,65
14,36
14,33
14,31
14,28
14,25
14,23
14,20
14,17
14,14
14,12
14,9
14,6
14,4
14,1
13,3
0,276
0,410
0,275
0,395
0,274
0,400
0,273
0,309
0,272
0,436
0,271
0,424
0,270
0,390
0,269
0,415
0,268
0,324
0,267
0,323
0,266
0,394
0,265
0,447
0,264
0,380
0,263
0,354
0,262
0,418
0,261
0,435
0,260
0,368
0,259
0,387
0,258
0,301
0,257
0,379
0,256
0,440
0,255
0,433
0,254
0,328
0,253
0,422
0,252
0,384
0,251
0,332
0,250
0,320
0,249
0,392
0,248
0,346
0,247
0,431
0,246
0,428
0,245
0,367
0,244
0,317
0,242
0,413
0,241
0,438
0,240
0,421
0,239
0,404
0,238
0,341
0,237
0,336
0,236
0,312
0,235
0,350
0,234
0,337
0,233
0,383
0,232
0,391
0,231
0,399
0,230
0,349
0,229
0,348
0,228
0,389
0,227
0,370
0,226
0,445
0,225
0,427
0,224
0,402
0,223
0,382
0,222
0,398
0,221
0,381
0,220
0,342
0,219
0,443
0,218
0,331
0,217
0,374
0,216
0,362
0,215
0,214
0,411
0,213
0,347
0,212
0,406
0,211
0,434
0,210
0,326
0,209
0,441
0,208
0,401
0,207
0,366
0,206
0,393
0,205
0,423
0,204
0,430
0,203
0,327
0,202
0,361
0,201
0,397
0,200
0,325
0,199
0,437
0,198
0,420
0,197
0,396
0,196
0,195
0,403
0,194
0,315
0,193
0,339
0,192
0,357
0,63
0,344
0,62
0,417
0,61
0,60
0,419
0,59
0,432
0,58
0,57
0,356
0,56
0,388
0,55
0,386
0,54
0,343
0,53
0,426
0,52
0,373
0,51
0,385
0,50
0,359
0,49
0,321
0,48
0,314
0,47
0,46
0,45
0,355
0,6
0,5
0,1
0,11
0,4
0,2
0,3
0,7
